6
0 1 1 0 0 0
0 0 0 1 0 1
0 0 0 0 0 1
0 0 0 0 1 0
0 0 1 0 0 1
0 0 0 1 0 0
<Vertexes>
0 "v1" rgb(0,0,0) rgb(255,255,255) (203.44077545972613,45.679689280270075)
1 "v2" rgb(0,0,0) rgb(255,255,255) (125.18334145734434,100.6263982606658)
2 "v3" rgb(0,0,0) rgb(255,255,255) (286.69336482396204,100.6263982606658)
3 "v4" rgb(0,0,0) rgb(255,255,255) (182.62762811866713,167.22846975205454)
4 "v5" rgb(0,0,0) rgb(255,255,255) (267.54526927018776,158.07068492198857)
5 "v6" rgb(0,0,0) rgb(255,255,255) (207.6034049279379,87.30598396238805)
<Edges>
0 1 "7" rgb(255,0,0)
1 3 "6" rgb(0,0,0)
3 4 "1" rgb(255,0,0)
4 2 "2" rgb(255,0,0)
2 5 "12" rgb(0,0,0)
1 5 "8" rgb(0,0,0)
5 3 "11" rgb(0,0,0)
4 5 "2" rgb(255,0,0)
0 2 "3" rgb(255,0,0)
